108
107
106
105
105
103
102
99
97
94
92
88
86
81
79
72
69
62
59
52
49
41
38
29
26
19
17
15
13
15
17
19
22
26
32
36
43
47
54
59
65
69
74
79
83
87
91
95
98
102
103
105
106
108
108
110
110
110
110
110
110
109
108
106
105
101
100
96
94
90
88
81
78
72
69
61
58
50
47
38
35
27
25
19
17
15
14
15
16
19
24
30
34
42
46
54
57
64
67
73
77
82
86
91
94
99
100
104
105
107
108
109
110
111
111
112
112
111
111
110
109
107
106
105
103
99
97
92
89
83
80
73
70
63
59
51
48
39
36
27
24
18
16
13
12
12
13
18
20
27
30
39
42
51
55
64
67
75
78
85
88
94
96
101
103
106
107
109
110
111
112
113
113
114
114
113
113
112
112
110
109
106
105
102
100
95
92
85
82
75
71
63
60
51
47
38
34
27
22
19
16
14
13
12
14
19
21
27
31
41
45
54
58
66
69
76
79
86
89
95
97
102
104
106
108
110
111
112
112
112
112
113
113
113
113
112
112
110
109
107
105
102
99
95
91
86
81
76
71
66
61
56
49
43
36
33
27
23
20
17
16
15
17
21
23
30
33
41
45
54
57
65
69
76
79
86
88
94
96
100
102
104
104
106
107
109
110
110
111
111
112
112
112
111
111
108
107
105
103
102
98
96
91
89
83
80
74
71
65
62
55
52
45
41
36
32
28
25
24
22
22
20
23
29
32
39
42
50
53
61
64
71
73
80
82
89
91
95
97
101
102
105
107
109
110
110
111
111
111
110
110
109
109
107
106
105
104
100
99
96
93
90
86
84
79
76
71
69
63
60
53
49
43
40
36
34
31
29
28
25
27
26
28
33
35
42
45
53
55
63
66
72
74
80
82
87
89
94
96
100
102
105
106
107
108
109
109
109
109
109
109
109
108
107
106
104
103
99
97
94
91
89
85
82
78
76
71
69
63
62
56
54
49
45
41
38
36
34
33
30
31
30
33
34
36
43
46
53
56
64
66
72
75
81
83
89
91
95
96
99
101
103
104
106
107
108
109
109
109
109
108
107
107
106
105
103
102
99
99
94
92
88