1	0.00000
2	0.00000
3	0.00000
4	0.00000
5	0.00000
6	0.00000
7	0.00000
8	0.00000
9	1.66667
10	0.33333
11	1.66667
12	0.33333
13	1.66667
14	2.66667
15	2.66667
16	15.33333
17	54.33333
18	80.00000
19	84.33333
20	88.33333
21	99.33333
22	101.66667
23	104.66667
24	103.00000
25	106.66667
26	108.00000
27	109.66667
28	111.00000
29	113.00000
30	114.66667
31	116.00000
32	117.00000
33	118.00000
34	120.00000
35	122.33333
36	123.66667
37	124.33333
38	123.66667
39	124.00000
40	124.00000
41	124.33333
42	127.00000
43	129.00000
44	130.00000
45	130.00000
46	130.00000
47	131.00000
48	132.00000
49	129.33333
50	132.00000
51	134.33333
52	134.33333
53	133.00000
54	133.00000
55	135.00000
56	137.00000
57	133.33333
58	134.00000
59	134.66667
60	136.00000
61	137.00000
62	138.33333
63	139.00000
64	139.33333
65	140.33333
66	139.66667
67	139.33333
68	139.66667
69	139.66667
70	140.00000
71	139.66667
72	139.00000
73	140.66667
74	140.66667
75	141.66667
76	142.66667
77	143.00000
78	143.66667
79	144.66667
80	144.66667
81	145.66667
82	143.66667
83	143.00000
84	144.33333
85	144.33333
86	143.00000
87	143.66667
88	145.33333
89	145.66667
90	147.00000
91	148.00000
92	147.33333
93	145.33333
94	145.33333
95	147.33333
96	150.00000
97	148.66667
98	147.00000
99	146.00000
100	145.33333
101	146.33333
102	146.33333
103	147.00000
104	146.33333
105	149.33333
106	149.33333
107	150.00000
108	150.00000
109	150.00000
110	150.33333
111	151.00000
112	151.00000
113	152.00000
114	152.00000
115	152.00000
116	153.00000
117	153.33333
118	153.00000
119	151.33333
120	150.33333
121	151.33333
122	152.33333
123	154.00000
124	153.33333
125	152.33333
126	152.33333
127	153.33333
128	154.33333
129	152.66667
130	152.33333
131	152.66667
132	154.66667
133	155.33333
134	153.66667
135	153.33333
136	154.33333
137	151.33333
138	153.00000
139	155.00000
140	156.00000
141	155.00000
142	154.66667
143	153.66667
144	153.66667
145	155.33333
146	154.33333
147	153.33333
148	153.33333
149	153.33333
150	153.33333
151	151.66667
152	150.66667
153	155.33333
154	156.33333
155	157.33333
156	156.66667
157	156.66667
158	156.33333
159	157.33333
160	158.33333
161	156.33333
162	155.33333
163	155.33333
164	154.66667
165	155.33333
166	155.66667
167	156.66667
168	157.33333
169	156.00000
170	156.00000
171	156.66667
172	157.66667
173	159.33333
174	159.66667
175	158.66667
176	157.66667
177	155.66667
178	156.66667
179	158.33333
180	159.66667
181	160.66667
182	160.00000
183	159.33333
184	158.66667
185	158.33333
186	158.66667
187	159.33333
188	160.00000
189	160.00000
190	159.33333
191	158.66667
192	158.33333
193	157.33333
194	159.00000
195	161.00000
196	161.00000
197	160.00000
198	158.33333
199	157.66667
200	157.00000
201	157.00000
202	157.00000
203	157.33333
204	158.66667
205	159.33333
206	160.33333
207	160.66667
208	161.00000
209	161.00000
210	158.33333
211	158.33333
212	160.33333
213	160.33333
214	159.33333
215	160.00000
216	163.00000
217	162.66667
218	161.66667
219	160.66667
220	159.00000
221	159.00000
222	159.33333
223	161.00000
224	161.33333
225	163.66667
226	162.00000
227	161.00000
228	160.00000
229	161.00000
230	161.00000
231	161.00000
232	161.00000
233	162.00000
234	162.00000
235	161.00000
236	161.00000
237	161.00000
238	161.00000
239	162.00000
240	162.33333
241	161.33333
242	161.33333
243	161.33333
244	160.66667
245	160.66667
246	160.66667
247	160.66667
248	160.66667
249	162.00000
250	160.33333
251	159.00000
252	158.33333
253	159.33333
254	160.00000
255	161.33333
256	161.33333
257	161.00000
258	162.00000
259	162.00000
260	161.00000
261	160.00000
262	161.00000
263	162.66667
264	164.00000
265	163.33333
266	163.33333
267	163.33333
268	162.66667
269	162.66667
270	162.66667
271	162.66667
272	162.33333
273	160.66667
274	160.66667
275	159.66667
276	159.66667
277	159.66667
278	160.00000
279	161.00000
280	161.00000
281	159.00000
282	160.66667
283	161.00000
284	161.66667
285	163.33333
286	165.33333
287	164.66667
288	162.66667
289	158.33333
290	159.33333
291	161.33333
292	162.66667
293	163.33333
294	163.33333
295	164.33333
296	165.00000
297	162.33333
298	163.33333
299	164.33333
300	163.66667
301	162.66667
302	161.66667
303	162.66667
304	164.33333
305	163.33333
306	163.33333
307	162.33333
308	162.00000
309	161.66667
310	161.33333
311	161.00000
312	161.00000
313	161.00000
314	161.66667
315	162.33333
316	163.00000
317	163.00000
318	162.33333
319	161.33333
320	161.33333
321	163.00000
322	163.00000
323	163.00000
324	163.33333
325	163.33333
326	163.33333
327	163.33333
328	163.33333
329	162.33333
330	162.33333
331	162.33333
332	162.66667
333	163.33333
334	163.33333
335	164.33333
336	164.33333
337	164.00000
338	163.66667
339	162.33333
340	160.33333
341	160.33333
342	162.00000
343	163.33333
344	163.00000
345	163.66667
346	163.66667
347	162.00000
348	161.33333
349	161.00000
350	161.00000
351	161.66667
352	161.66667
353	162.33333
354	162.33333
355	162.66667
356	162.66667
357	163.00000
358	163.66667
359	163.66667
360	164.33333
361	163.33333
362	163.66667
363	164.33333
364	164.66667
365	163.66667
366	163.66667
367	162.66667
368	162.00000
369	163.66667
370	162.66667
371	161.66667
372	161.66667
373	161.66667
374	161.66667
375	161.66667
376	161.66667
377	163.66667
378	163.66667
379	163.33333
380	162.66667
381	161.66667
382	161.66667
383	161.00000
384	161.00000
385	163.33333
386	163.33333
387	163.33333
388	162.33333
389	161.33333
390	162.00000
391	162.33333
392	163.33333
393	163.33333
394	162.66667
395	162.66667
396	162.66667
397	161.66667
398	162.33333
399	162.33333
400	162.00000
401	162.33333
402	162.33333
403	162.33333
404	162.33333
405	163.33333
406	163.33333
407	162.33333
408	161.33333
409	163.33333
410	162.66667
411	162.33333
412	162.33333
413	161.66667
414	161.66667
415	161.66667
416	161.66667
417	161.00000
418	161.00000
419	160.33333
420	160.00000
421	160.00000
422	160.00000
423	159.66667
424	159.66667
425	161.66667
426	161.66667
427	161.66667
428	161.66667
429	162.66667
430	162.66667
431	162.66667
432	162.66667
433	160.33333
434	161.33333
435	161.33333
436	162.00000
437	162.33333
438	162.33333
439	162.33333
440	162.33333
441	159.33333
442	160.33333
443	161.33333
444	161.33333
445	161.66667
446	161.66667
447	161.00000
448	160.33333
449	161.33333
450	161.33333
451	161.33333
452	160.33333
453	160.33333
454	160.33333
455	161.33333
456	162.33333
457	161.33333
458	161.33333
459	161.33333
460	161.33333
461	161.00000
462	160.33333
463	160.33333
464	159.33333
465	159.33333
466	159.33333
467	160.33333
468	160.33333
469	161.33333
470	162.00000
471	162.33333
472	162.33333
473	161.66667
474	161.00000
475	160.00000
476	159.00000
477	159.00000
478	159.00000
479	159.33333
480	160.00000
481	160.33333
482	160.33333
483	160.33333
484	160.33333
485	160.33333
486	160.33333
487	160.33333
488	160.33333
489	159.33333
490	159.33333
491	158.66667
492	159.33333
493	159.66667
494	159.33333
495	158.33333
496	156.33333
497	157.33333
498	158.33333
499	158.66667
500	158.33333
501	157.66667
502	157.33333
503	158.33333
504	159.33333
505	157.33333
506	157.66667
507	158.66667
508	158.66667
509	159.00000
510	158.66667
511	158.00000
512	157.66667
513	158.00000
514	156.33333
515	155.66667
516	155.00000
517	155.00000
518	155.66667
519	157.33333
520	158.66667
521	158.33333
522	158.00000
523	157.33333
524	157.33333
525	156.33333
526	156.33333
527	155.66667
528	155.33333
529	155.66667
530	155.00000
531	154.33333
532	154.66667
533	155.66667
534	156.33333
535	157.00000
536	156.66667
537	155.66667
538	155.33333
539	155.33333
540	155.33333
541	155.33333
542	156.33333
543	157.33333
544	157.33333
545	154.00000
546	155.66667
547	156.33333
548	155.66667
549	154.66667
550	154.00000
551	154.66667
552	156.33333
553	155.66667
554	155.33333
555	154.66667
556	154.66667
557	153.66667
558	153.00000
559	153.00000
560	152.66667
561	154.00000
562	154.00000
563	154.66667
564	155.66667
565	155.66667
566	154.66667
567	152.66667
568	150.66667
569	149.33333
570	150.33333
571	152.33333
572	154.33333
573	154.33333
574	152.66667
575	151.33333
576	150.33333
577	150.66667
578	151.66667
579	152.66667
580	152.66667
581	151.66667
582	150.66667
583	150.66667
584	150.66667
585	148.00000
586	149.00000
587	149.66667
588	148.66667
589	147.66667
590	147.00000
591	147.66667
592	148.00000
593	147.66667
594	149.66667
595	148.66667
596	145.66667
597	145.00000
598	147.66667
599	148.66667
600	146.66667
601	146.66667
602	147.66667
603	147.00000
604	145.00000
605	146.66667
606	149.33333
607	147.66667
608	144.33333
609	146.33333
610	144.33333
611	144.33333
612	145.00000
613	145.00000
614	144.00000
615	145.00000
616	146.66667
617	144.00000
618	142.00000
619	141.33333
620	141.33333
621	143.00000
622	144.00000
623	144.00000
624	144.00000
625	141.66667
626	141.66667
627	141.66667
628	142.33333
629	142.66667
630	142.66667
631	143.33333
632	143.33333
633	142.33333
634	142.33333
635	142.33333
636	142.33333
637	141.33333
638	140.33333
639	139.66667
640	138.66667
641	137.66667
642	139.66667
643	139.66667
644	136.66667
645	136.66667
646	138.66667
647	138.33333
648	136.33333
649	136.33333
650	136.66667
651	134.66667
652	134.00000
653	138.33333
654	139.00000
655	135.33333
656	134.66667
657	134.33333
658	134.33333
659	134.33333
660	132.33333
661	132.33333
662	133.00000
663	132.33333
664	132.33333
665	131.00000
666	130.00000
667	129.00000
668	128.33333
669	128.33333
670	129.00000
671	128.00000
672	127.00000
673	123.66667
674	125.66667
675	128.00000
676	125.66667
677	121.66667
678	123.00000
679	123.00000
680	117.66667
681	117.66667
682	117.66667
683	117.66667
684	116.66667
685	115.00000
686	114.66667
687	114.66667
688	114.66667
689	110.00000
690	109.66667
691	108.33333
692	105.66667
693	102.66667
694	98.66667
695	95.33333
696	92.33333
697	88.33333
698	78.66667
699	76.66667
700	48.00000
701	11.33333
702	2.66667
703	3.00000
704	2.00000
705	0.00000
706	0.00000
707	0.00000
708	0.00000
709	0.00000
710	0.00000
711	0.00000
712	0.00000
713	0.00000
714	0.00000
715	0.00000
716	0.00000
717	0.00000
718	0.00000
719	0.00000
720	0.00000
721	0.00000
722	0.00000
723	0.00000
724	0.00000
725	0.00000
726	0.00000
727	0.00000
728	0.00000
729	0.00000
730	0.00000
731	0.00000
732	0.00000
733	0.00000
734	0.00000
735	0.00000
736	0.00000
737	0.00000
738	0.00000
739	0.00000
740	0.00000
741	0.00000
742	0.00000
743	0.00000
744	0.00000
745	0.00000
746	0.00000
747	0.00000
748	0.00000
749	0.00000
750	0.00000
751	0.00000
752	0.00000
753	0.00000
754	0.00000
755	0.00000
756	0.00000
757	0.00000
758	0.00000
759	0.00000
760	0.00000
761	0.00000
762	0.00000
763	0.00000
764	0.00000
765	0.00000
766	0.00000
767	0.00000
768	0.00000